id,cloudy,rain,shine,sunrise
cloudy1.jpg,0.9807097506607899,6.497569332648162e-05,0.012478336450895149,0.006746937194988385
cloudy10.jpg,0.9882649291767315,0.006162684803942249,0.0010091969269222345,0.004563189092404148
cloudy100.jpg,0.9541923896220547,0.002555893109109233,0.011424637122038516,0.0318270801467977
cloudy11.jpg,0.9426223464585554,0.01455832229193814,0.039893480506774666,0.0029258507427319938
cloudy12.jpg,0.9772966304080133,0.011040567449149413,0.01070380750014599,0.0009589946426912387
cloudy13.jpg,0.9934480724304106,8.30349885314056e-05,0.003013113918280086,0.003455778662777766
cloudy14.jpg,0.9494382536900264,6.132036795296212e-06,0.020875308573311404,0.029680305699866984
cloudy15.jpg,0.9474658467269484,7.015101289095687e-05,0.052351662148176895,0.00011234011198366369
cloudy16.jpg,0.9717775758199081,0.0005076099389156923,0.018014894298593355,0.009699919942582727
cloudy17.jpg,0.9845227552040914,0.0010002926464523915,0.011964717438115013,0.002512234711340994
cloudy18.jpg,0.9693461246145714,4.72912204441239e-06,0.00029850230839719203,0.03035064395498705
cloudy19.jpg,0.9602610506331569,0.003427320834082968,0.01050000565291582,0.025811622879844474
cloudy2.jpg,0.9742280068966122,0.023788178032715195,0.0009185624767663854,0.0010652525939062513
cloudy20.jpg,0.9958573903606082,0.0007317284947651582,0.0010782224172418001,0.002332658727384821
cloudy21.jpg,0.9736858220317637,1.9107545923342992e-05,3.729797265947416e-05,0.026257772449653674
cloudy22.jpg,0.9651714906378887,5.085509213601361e-06,0.0001690745675330654,0.03465434928536457
cloudy23.jpg,0.9835807471266262,0.0016015583072982256,0.010220463339235233,0.004597231226840239
cloudy24.jpg,0.9843766598756012,0.00032568765411670363,0.014423467431701274,0.0008741850385808917
cloudy25.jpg,0.9564580608043344,0.014064544262875756,0.028971146423378957,0.0005062485094108858
cloudy26.jpg,0.9976981460813086,0.00039657216999307505,0.00012842580214088837,0.0017768559465574066
cloudy27.jpg,0.9894805135575573,0.009453417529201655,0.00030977868243620783,0.0007562902308050308
cloudy28.jpg,0.9790821533511489,7.799372198186164e-06,0.0012719328652735162,0.019638114411379387
cloudy29.jpg,0.9847068006408275,1.093537512650846e-05,0.00047030107034554006,0.01481196291370047
cloudy3.jpg,0.9973861183226737,3.3459189471611157e-05,0.002276834281634801,0.00030358820621981963
cloudy30.jpg,0.9957971493231568,3.143292585144691e-07,2.2326421498469384e-06,0.004200303705434683
cloudy31.jpg,0.96927700390244,0.0022783702845776887,0.0001622455571730287,0.028282380255809172
cloudy32.jpg,0.9999560841326038,1.0841751958819519e-07,2.870297425025699e-06,4.093715245133376e-05
cloudy33.jpg,0.9802972616016102,0.003344121211227016,0.003092365161707557,0.013266252025455273
cloudy34.jpg,0.9957971493231568,3.143292585144691e-07,2.2326421498469384e-06,0.004200303705434683
cloudy35.jpg,0.9586747342160794,0.0002768883549562822,0.003257753213914886,0.037790624215049515
cloudy36.jpg,0.9930852733873868,0.0002586060813162431,1.544357798919044e-07,0.006655966095516771
cloudy37.jpg,0.911630125721817,3.4577865251795234e-06,0.011435554646237764,0.07693086184541995
cloudy38.jpg,0.9790821533511489,7.799372198186164e-06,0.0012719328652735162,0.019638114411379387
cloudy39.jpg,0.9894805135575573,0.009453417529201655,0.00030977868243620783,0.0007562902308050308
cloudy4.jpg,0.9474516603936417,0.017969692569723163,0.0017918801351850951,0.03278676690144998
cloudy40.jpg,0.9995312103761925,1.2216753003918243e-05,0.0003124488641878929,0.00014412400661575884
cloudy41.jpg,0.9877927085629526,4.941224217212852e-06,0.001227137933012965,0.010975212279817083
cloudy42.jpg,0.9436301132726455,4.770173825869483e-06,0.0042172480901293335,0.05214786846339947
cloudy43.jpg,0.9569040161939459,0.001420096428350946,0.015507652710561814,0.026168234667141195
cloudy44.jpg,0.9068649255763778,1.1388949249338864e-05,0.045445832032928894,0.047677853441444054
cloudy45.jpg,0.9912306530284195,6.522264047418526e-05,0.005221344056514536,0.003482780274591783
cloudy46.jpg,0.9791433665329409,5.234010378505347e-05,0.020542117807464486,0.00026217555580955714
cloudy47.jpg,0.9415882383669111,0.0009835540574509207,0.015107689485167197,0.04232051809047074
cloudy48.jpg,0.9617077319081184,0.002340844425047897,0.029236028530586173,0.006715395136247498
cloudy49.jpg,0.9823433169041028,0.015620764774812428,0.0012982937710151157,0.0007376245500694653
cloudy5.jpg,0.9988346522154934,2.4220784979993798e-06,9.282780055474435e-05,0.0010700979054540506
cloudy50.jpg,0.9727783285834378,0.017670125277075042,0.008950233532324027,0.0006013126071631368
cloudy51.jpg,0.9941704227611045,6.9982064318009725e-06,0.0007064644361390856,0.0051161145963246725
cloudy52.jpg,0.9564414909981884,6.247621227204733e-05,0.0027717261772328508,0.0407243066123066
cloudy53.jpg,0.9980242715687939,6.568809058777017e-05,0.0008794330659458254,0.001030607274672567
cloudy54.jpg,0.9985094811210681,2.1590276291617953e-05,0.0009764652712204047,0.000492463331419816
cloudy55.jpg,0.9926556771499409,0.0034527495468232544,0.003303139231679165,0.0005884340715567821
cloudy56.jpg,0.9800661435483553,6.13094748055436e-05,0.007530152678979243,0.012342394297860005
cloudy57.jpg,0.9942935450645473,0.001597833566520605,0.003373771026623606,0.0007348503423085738
cloudy58.jpg,0.93671977987429,0.0006917334441600975,0.026751084152500628,0.035837402529049246
cloudy59.jpg,0.9720675426973017,0.0016088369976036008,0.022166260249310066,0.004157360055784657
cloudy6.jpg,0.9184372325809784,5.9734634875341964e-06,0.0020556414451883332,0.07950115251034584
cloudy60.jpg,0.9811448873451797,0.014545091134531824,0.0026369451207654444,0.00167307639952311
cloudy61.jpg,0.9595498484442647,0.02259887464260505,0.005530326073246602,0.012320950839883755
cloudy62.jpg,0.9429323953615325,1.6411298596573055e-06,0.01999059372220762,0.037075369786400136
cloudy63.jpg,0.9973410421564098,0.0009480436478255005,0.0001265183038845422,0.0015843958918801688
cloudy64.jpg,0.955342821878944,0.0026073113855733716,0.004003424061926107,0.038046442673556335
cloudy65.jpg,0.965591411002094,0.004531149753928112,0.0059871298478996506,0.02389030939607827
cloudy66.jpg,0.9997849477057901,1.3334184973955929e-06,1.5195585390371152e-06,0.0002121993171734251
cloudy67.jpg,0.9989813062577542,2.0040800037141957e-06,7.368570984236282e-05,0.00094300395239988
cloudy68.jpg,0.998631459901907,4.094788495969978e-07,0.00044740353547469965,0.0009207270837687351
cloudy69.jpg,0.9814759028031046,0.004004390731620318,0.011019520046330115,0.003500186418944985
cloudy7.jpg,0.9770454736943858,0.01839264572972089,0.0002845002036063129,0.004277380372287073
cloudy70.jpg,0.9524403606195314,0.001465214635359893,0.002949774671163872,0.043144650073944774
cloudy71.jpg,0.9964956946656831,0.00029705098129309754,0.001440983857507658,0.001766270495516163
cloudy72.jpg,0.9862069652381726,0.0024011208135273497,0.006530780502671791,0.004861133445628427
cloudy73.jpg,0.9644928410780609,2.969678928935299e-05,0.03521293665468425,0.0002645254779655711
cloudy74.jpg,0.9990985862954117,1.2937305162611116e-05,0.0008228085724613887,6.566782696418664e-05
cloudy75.jpg,0.9554829746346039,0.00018442941045321515,0.011074391372353828,0.03325820458258905
cloudy76.jpg,0.9917364823532889,1.83485282706054e-05,0.007708941076243655,0.0005362280421969959
cloudy77.jpg,0.9926920452427059,0.000999173649871054,0.0002006651664744821,0.006108115940948706
cloudy78.jpg,0.974912359349042,7.348155837709845e-05,0.0005604438042244142,0.024453715288356395
cloudy79.jpg,0.9787019959015465,0.00691126809752333,0.014210735087262,0.00017600091366817592
cloudy8.jpg,0.9534002103255703,2.7560465217376517e-05,0.002419858182830019,0.04415237102638224
cloudy80.jpg,0.9783191603543017,1.0843071612571365e-06,8.584588501804632e-05,0.021593909453518884
cloudy81.jpg,0.9785567805522256,0.012060145845867837,0.0015235833893408185,0.007859490212565774
cloudy82.jpg,0.9985359550932221,1.5963399290634207e-05,0.0013200144230054447,0.00012806708448166398
cloudy83.jpg,0.9951498172110956,2.3886667114951864e-05,0.004746421942213528,7.98741795760435e-05
cloudy84.jpg,0.9809507633694121,0.0037547305093504303,0.0067079044582196105,0.00858660166301788
cloudy85.jpg,0.9975272100403885,0.002070756909597579,0.00023075765716391815,0.00017127539285006357
cloudy86.jpg,0.9982382011883177,3.9673335459848916e-05,0.0016304454792359449,9.167999698649872e-05
cloudy87.jpg,0.9947992112823028,0.0005068019793597426,0.00014941256222248815,0.004544574176114964
cloudy88.jpg,0.9995868736805155,5.681932293955554e-05,0.00019859204285993577,0.0001577149536849561
cloudy89.jpg,0.972615171278017,0.006787446576430354,0.0199000650392285,0.0006973171063242492
cloudy9.jpg,0.9551736051952826,0.031430391790633866,0.0007202447221572655,0.012675758291926065
cloudy90.jpg,0.9906445671848549,0.006212439311134362,0.0030211787445987596,0.00012181475941195866
cloudy91.jpg,0.9999197339418492,1.6867175388503288e-05,1.3090132111575853e-05,5.030875065057438e-05
cloudy92.jpg,0.9740765089343749,0.004795651866551762,0.003632338638955603,0.017495500560117852
cloudy93.jpg,0.9995529635953923,1.643353205569841e-06,0.0002467174024208852,0.0001986756489813525
cloudy94.jpg,0.9240110216072914,0.009453206968822785,7.723117982854675e-05,0.06645854024405728
cloudy95.jpg,0.9811735222481749,4.668950150805533e-05,0.0016745910221863745,0.01710519722813083
cloudy96.jpg,0.9605500196392086,0.008127286548897359,0.03090935554236781,0.00041333826952624943
cloudy97.jpg,0.9913373148436018,6.489551400492961e-06,0.0013694302772566751,0.007286765327741188
cloudy98.jpg,0.9617440500178862,6.743676943279016e-05,0.026926375084434444,0.011262138128246524
cloudy99.jpg,0.9861778483604787,0.00012693475146127698,0.013530210318480602,0.00016500656957942061
rain101.jpg,1.8491367381478983e-07,0.9797764952711853,0.012362381756510124,0.007860938058630702
rain102.jpg,0.0010596166797867629,0.9507934595405414,0.04806581653867423,8.110724099760144e-05
rain103.jpg,0.0030815274791904457,0.9700327115269708,0.026113749910217185,0.0007720110836215208
rain104.jpg,0.004160989488035664,0.9749421122850236,0.020245384809754473,0.000651513417186267
rain105.jpg,0.002553330942958214,0.9955826985554066,0.0010687642584047182,0.00079520624323057
rain106.jpg,0.0003517884752091526,0.9993470401871194,0.0001524241246703734,0.000148747213001164
rain107.jpg,2.1723388799198933e-05,0.9439641840888671,0.03781774777312076,0.01819634474921314
rain108.jpg,4.955012063517733e-05,0.9807060615962362,0.018612736003212033,0.0006316522799167149
rain109.jpg,4.4456150170905076e-08,0.9973848265720382,0.00018332238635443486,0.0024318065854572234
rain110.jpg,7.578181460737932e-09,0.9969761811404995,0.0029693519963069105,5.445928501216952e-05
rain111.jpg,0.005347944157003572,0.9877450326899236,0.006880743262567125,2.62798905056141e-05
rain112.jpg,0.002011986679367603,0.9967589639763188,0.0006432300200770691,0.000585819324236678
rain113.jpg,0.00015635387507815192,0.9637171160509926,0.0004300849913888365,0.035696445082540135
rain114.jpg,9.701400261496518e-06,0.9975918485128928,0.002377104236679306,2.1345850166458117e-05
rain115.jpg,1.3039078454689718e-06,0.9806327280185079,0.00014201002508373433,0.0192239580485629
rain116.jpg,0.0003071840782575621,0.9805632597177507,0.01569100118125664,0.003438555022734996
rain117.jpg,3.96263335071638e-08,0.9879836443227898,0.010635572098865752,0.0013807439520109545
rain118.jpg,5.29392792303079e-05,0.9962854210683005,0.003633922657328563,2.7716995140610927e-05
rain119.jpg,0.001318637793177528,0.9958319042685262,0.0026921117048091946,0.00015734623348710085
rain120.jpg,0.005454539440771628,0.9843274890641545,0.008823196723232295,0.0013947747718415972
rain121.jpg,0.022295951832556456,0.9371921134138129,0.04021206905665967,0.0002998656969708215
rain122.jpg,4.955012063517733e-05,0.9807060615962362,0.018612736003212033,0.0006316522799167149
rain123.jpg,1.0110634029604954e-05,0.9718737762857413,0.02807817840376538,3.7934676463613274e-05
rain124.jpg,0.00018999492908244975,0.9877714419192083,0.00043311758692334804,0.011605445564785962
rain125.jpg,0.004006949874105787,0.9570015285737945,0.03562025097580811,0.0033712705762914555
rain126.jpg,0.001968453075678331,0.9624601998756442,0.034539760569609085,0.0010315864790682307
rain127.jpg,0.022884045316753126,0.9740009049828334,0.00037219144372665277,0.00274285825668673
rain128.jpg,0.017492151023232188,0.9231147754529467,0.05116503010937726,0.0082280434144438
rain129.jpg,0.0009078803657635566,0.9861837646302056,0.0015926030827523338,0.011315751921278521
rain130.jpg,0.006120340376998438,0.963795558612609,0.024552678266269803,0.005531422744122653
rain131.jpg,0.00016801834090935235,0.9861143483850558,0.013709566150955017,8.0671230795908e-06
rain132.jpg,5.5063331759627045e-05,0.9968969308082102,0.003042392094766907,5.613765263240884e-06
rain133.jpg,1.16065615570722e-08,0.9062103426063342,0.021339928028346156,0.0724497177587581
rain134.jpg,0.00033770141363307585,0.9992756241857012,0.00036220632567686873,2.4468074988953893e-05
rain135.jpg,1.5603267576741667e-05,0.989713524785974,0.010072792801339587,0.00019807914510966656
rain136.jpg,0.02934979795170374,0.9485904937477305,0.01849313517798189,0.0035665731225838953
rain137.jpg,6.500887301360386e-06,0.9836885114835565,0.016273604424763013,3.138320437917339e-05
rain138.jpg,1.2556358111349773e-06,0.9808371523165809,0.019142569206301255,1.902284130663627e-05
rain139.jpg,0.0007275675526827247,0.9652032969858778,0.03384353305832834,0.00022560240311122903
rain140.jpg,0.009936283215510523,0.9618203397611194,0.012469325386570314,0.015774051636800027
rain142.jpg,0.01012796375770664,0.9889792067554912,0.0006320381638711917,0.0002607913229309046
rain143.jpg,0.00012436084943570817,0.9888008383782718,0.006899903189863687,0.004174897582428813
rain144.jpg,3.3238032144023745e-08,0.9870817132745395,0.005495776366359131,0.007422477121069222
rain145.jpg,0.00016475177776336197,0.9685112417495687,0.030276566065822824,0.0010474404068450244
rain146.jpg,1.1368123210552038e-05,0.9973593120758136,0.002241498369320792,0.00038782143165491277
rain147.jpg,1.1200798659983719e-07,0.9992582242675893,0.0001658147483965385,0.0005758489760276752
rain148.jpg,1.637542769790886e-05,0.9455190560983183,0.03145907162850677,0.023005496845477178
rain149.jpg,1.3072381741590481e-05,0.9518428342715838,0.04768993590258618,0.00045415744408847287
rain150.jpg,1.9402420101902857e-07,0.9982603519171183,0.0017380092368363311,1.4448218442296948e-06
rain151.jpg,0.0006853374600007103,0.9976356574627858,0.001550692899138462,0.000128312178075063
rain152.jpg,3.529548459567555e-06,0.971216361246574,0.028568057735966847,0.0002120514689996374
rain153.jpg,1.1368123210552038e-05,0.9973593120758136,0.002241498369320792,0.00038782143165491277
rain154.jpg,6.790945749046525e-05,0.9934988851133839,0.00630916111398638,0.00012404431513920593
rain155.jpg,0.0034888528156016745,0.9482930443866219,0.03425846053542502,0.013959642262351633
rain156.jpg,8.278017135691321e-06,0.9996740203136909,0.00031654668606019847,1.154983113247058e-06
rain157.jpg,0.018743835405728677,0.9654386428727214,0.007383683223441186,0.008433838498108723
rain158.jpg,0.015242074048265703,0.925469929752148,0.05907774289807508,0.00021025330151094724
rain159.jpg,2.6195432219625965e-08,0.9736524442511909,0.009136029864887218,0.017211499688489746
rain160.jpg,5.382110300446501e-10,0.9989795597415858,8.142957976770324e-05,0.0009390101404355408
rain161.jpg,9.777870926727134e-05,0.9997527877242626,0.00012034468520577816,2.9088881264516507e-05
rain162.jpg,3.248616818817307e-05,0.9962342730751136,0.002196214165785255,0.0015370265909129747
rain163.jpg,3.540077323673593e-05,0.9558819444562671,0.04386095738247984,0.00022169738801645146
rain164.jpg,0.0004623707867560257,0.9911587189727066,0.007694652762318508,0.000684257478219017
rain165.jpg,3.516944848136548e-06,0.9804452522315532,0.019144805514358834,0.0004064253092399491
rain166.jpg,0.0017450793854464353,0.9643457622214293,0.03220355399788656,0.0017056043952377907
rain167.jpg,0.00013083909772788394,0.9984717257938427,0.0005285431328911586,0.0008688919755382346
rain168.jpg,0.026471425115954586,0.9595647511463354,0.0023120917439937473,0.011651731993716085
rain169.jpg,0.0003609648057707443,0.9961134699469132,0.00345688971047902,6.867553683715115e-05
rain170.jpg,0.017777743465308592,0.9620466635701315,0.001243495781198171,0.018932097183361786
rain171.jpg,0.0016808353254038546,0.9776898885733323,0.011930069199060082,0.00869920690220392
rain172.jpg,3.5622901720710876e-07,0.99939152078869,3.4193248307025924e-05,0.0005739297339856233
rain173.jpg,0.0006889093133354701,0.9781892757507031,0.006232352891124385,0.014889462044836887
rain174.jpg,0.00030271770907366424,0.9626055553087051,0.03381050811700867,0.003281218865212467
rain175.jpg,2.6054524871476158e-05,0.9505835391963495,0.0005845237044068096,0.048805882574372295
rain176.jpg,1.2084521328693382e-05,0.9880688791126971,2.9298372244471836e-05,0.011889737993729811
rain177.jpg,1.64397914764446e-05,0.9971282784229076,0.00249646827829212,0.00035881350732390346
rain178.jpg,1.0595122241894205e-05,0.9947429593824907,0.005234790214451065,1.165528081639539e-05
rain179.jpg,0.00031009578329358817,0.9950137155963061,0.00343472232007811,0.0012414663003222468
rain180.jpg,3.912363962461805e-09,0.9957517937334246,0.0030900511251839933,0.00115815122902774
rain181.jpg,2.921800785437252e-09,0.9768614015103289,0.00933178686016303,0.013806808707707419
rain182.jpg,1.3853248738625766e-08,0.9999739270838022,3.7414060671500197e-06,2.231765688164115e-05
rain183.jpg,8.616246353687668e-09,0.9538474503946983,0.04583322322288544,0.00031931776617010447
rain184.jpg,4.19451215060179e-06,0.9977488339577614,0.002187580200128376,5.939132995956221e-05
rain185.jpg,0.00084718890332246,0.9845597642847689,0.01165652400328446,0.002936522808624247
rain186.jpg,7.9208050483727e-06,0.9914318181836624,0.0014962822520065157,0.007063978759282712
rain187.jpg,0.0002278682604163172,0.9872905199976432,0.001062997370586316,0.011418614371354208
rain188.jpg,1.340427251066261e-05,0.9592627383650975,0.030089921263987365,0.010633936098404564
rain189.jpg,0.00874855177008761,0.9577363721077403,0.0333225859934828,0.0001924901286891954
rain190.jpg,0.006596886979163283,0.9617833639633072,0.031614005159984054,5.743897545513051e-06
rain191.jpg,0.000787595565527344,0.9813666471373019,0.014405011023305415,0.0034407462738652358
rain192.jpg,1.29302366006307e-05,0.9998055009456083,4.430809529823691e-05,0.00013726072249274773
rain193.jpg,0.00018392037361290612,0.9991238526269145,0.0006306675552979305,6.155944417484565e-05
rain194.jpg,0.0002528782088516904,0.9687616403036755,0.029646780047282804,0.001338701440190092
rain195.jpg,5.103999639443414e-07,0.9935907805045153,0.006100157717846054,0.0003085513776745815
rain196.jpg,0.0002526231045991532,0.9641226519048522,0.010844585491938613,0.02478013949861004
rain197.jpg,0.005016521337537915,0.9886158049039394,0.004931260184245201,0.0014364135742773924
rain198.jpg,0.004388587834420807,0.9873850309851614,0.006116211611701116,0.002110169568716869
rain199.jpg,0.0001007552408558491,0.9854631533697825,0.011906099273767663,0.0025299921155938717
rain200.jpg,1.3849900502481382e-05,0.9943267604584309,0.004115847844187941,0.0015435417968784333
rain201.jpg,0.00011536851336433976,0.983784107947674,0.0026899279018826354,0.013410595637079026
shine1.jpg,0.01228803057132124,0.04937826262703418,0.9170971618036733,0.021236544997971115
shine10.jpg,0.0009272416364330373,6.266252719401978e-06,0.9844120430410387,0.014654449069808772
shine100.jpg,5.134926686666257e-09,0.045777203480385026,0.940504280054505,0.013718511330183215
shine11.jpg,0.0009034257213866068,0.006401128516915531,0.9922684893221796,0.0004269564395182452
shine12.jpg,0.0026994231456381928,1.5969939260821212e-05,0.923350676957288,0.07393392995781296
shine13.jpg,0.01260961277476163,0.005393175666419316,0.9584899001473184,0.02350731141150062
shine14.jpg,0.020129661433674596,3.2298390815606814e-06,0.979629326837676,0.00023778188956784284
shine15.jpg,0.008249613207334828,1.9827202085636527e-06,0.9885558348450175,0.003192569227439069
shine16.jpg,0.038723157490167096,5.344312245316166e-05,0.9331713417211399,0.028052057666239867
shine17.jpg,0.017407364675021738,0.002621565986311043,0.9738584706414258,0.00611259869724139
shine18.jpg,0.0009217151346898691,0.00017753470790650116,0.9890504679005211,0.009850282256882512
shine19.jpg,0.000300778303120285,0.0001199158675017107,0.9523623771709708,0.04721692865840716
shine2.jpg,0.012210253129349017,0.00026542303185892537,0.9871870745565904,0.00033724928220169953
shine20.jpg,0.015478897988689377,0.00045723736871377906,0.9647830746531753,0.019280789989421693
shine21.jpg,9.086240462095767e-06,9.756710236407541e-06,0.9995125088015533,0.00046864824774832435
shine22.jpg,6.86983492829436e-08,2.6898543489769308e-05,0.99997014776584,2.884992321058703e-06
shine23.jpg,0.019099256326183964,0.036483414851290134,0.9435485074806353,0.0008688213418905874
shine24.jpg,0.00014979520905032668,0.011905032089239338,0.9877651037079542,0.00018006899375604062
shine25.jpg,0.0003780592142464443,0.02432181728978729,0.9339344597298409,0.04136566376612544
shine26.jpg,0.009539778600929746,0.0061143662738841215,0.9347556004298034,0.04959025469538267
shine27.jpg,0.0013020875033642266,0.00014789796472922616,0.9912194437294747,0.007330570802431864
shine28.jpg,2.2369869929636233e-05,0.006623376598454191,0.9649631169638084,0.02839113656780768
shine29.jpg,0.0017668777651378962,5.613309718104221e-05,0.9976159835903459,0.0005610055473351416
shine3.jpg,0.009432549923102423,0.0012292303062990462,0.9886170195431817,0.0007212002274168812
shine30.jpg,0.0005151534022323752,0.0014686338683809355,0.9761420656153607,0.021874147114026014
shine31.jpg,0.018829116573990227,0.04891738795486982,0.9321082221892866,0.0001452732818535633
shine32.jpg,0.013599553263914817,0.006335868867776179,0.9709163026714517,0.00914827519685735
shine33.jpg,0.008714836846402969,0.00028988306658009165,0.9552614488876846,0.035733831199332294
shine34.jpg,1.0261984945096301e-06,3.231291739104752e-05,0.9999648739755768,1.7869085377890014e-06
shine35.jpg,0.007339493035742757,0.0011862052835755598,0.9585142497287902,0.03296005195189156
shine36.jpg,9.086240462095767e-06,9.756710236407541e-06,0.9995125088015533,0.00046864824774832435
shine37.jpg,9.947375905120484e-08,2.215991166304512e-05,0.9999732531552152,4.487459362663883e-06
shine38.jpg,0.027818907094488428,4.409849625850072e-05,0.9678108195024452,0.004326174906807996
shine39.jpg,0.009254152631469757,2.9998877573429717e-05,0.9756666522696374,0.015049196221319384
shine4.jpg,0.0053383308298079165,0.031487775958476384,0.9631541239074268,1.9769304288897434e-05
shine40.jpg,3.801449343311727e-05,0.0023853442804651643,0.9960634223203766,0.0015132189057251032
shine41.jpg,4.955523008319472e-05,0.0010610737278204411,0.9988131470344558,7.622400764062208e-05
shine42.jpg,0.003829613385514953,0.0010589471792208122,0.96370817618217,0.0314032632530944
shine43.jpg,0.0003165875325609483,1.1799755023183829e-05,0.9124015823941248,0.087270030318291
shine44.jpg,0.011079415578810578,6.613031952074009e-05,0.9790464839875188,0.00980797011414996
shine45.jpg,0.014427643421670458,0.00022315212483817816,0.9848207025024464,0.000528501951045007
shine46.jpg,0.02691523778201655,0.0332455961580091,0.915631741479842,0.024207424580132367
shine47.jpg,0.02323438947703833,0.015680963142261868,0.9500968589682464,0.010987788412453589
shine48.jpg,0.0007073827941864105,0.009235107737642639,0.9869591142753599,0.003098395192810885
shine49.jpg,4.846382032636269e-07,0.02862846882630254,0.9687305996471367,0.002640446888357486
shine5.jpg,0.04321075947163044,0.008202454663558857,0.9482883102434079,0.0002984756214027371
shine50.jpg,0.02925996842971298,0.001631127668116298,0.9619210799432097,0.007187823958960986
shine51.jpg,0.008194716896142533,0.00014148385370196104,0.9544148712067222,0.03724892804343339
shine52.jpg,0.009836509161184904,0.01851446169205842,0.9716404553107906,8.573835966026146e-06
shine53.jpg,0.0010967877600928126,0.03810648184552391,0.9607690239187482,2.7706475634974737e-05
shine54.jpg,2.3663641367919573e-05,0.038298257242146236,0.9616005062020843,7.757291440169517e-05
shine55.jpg,1.1741358751189066e-08,0.03268163675499533,0.9570355908252122,0.010282760678433938
shine56.jpg,3.356280713522511e-09,0.05256032556314715,0.9431985913761372,0.004241079704434968
shine57.jpg,0.008953350804289594,0.013059486788668343,0.9770613539839781,0.0009258084230639093
shine58.jpg,0.004661093188532993,0.016379024660772738,0.9747042919401642,0.004255590210530151
shine59.jpg,0.00889223661921734,0.06458276354293664,0.9125775264328037,0.013947473405042266
shine6.jpg,6.1193933958909e-06,0.04890124579277556,0.9335156625373459,0.017576972276482496
shine60.jpg,0.004880486860247392,0.0007236010825016253,0.9783329859721239,0.016062926085126984
shine61.jpg,0.013771298592545545,0.029989446631302714,0.9325740565248438,0.023665198251308056
shine62.jpg,2.665837343370115e-05,0.052559404465076814,0.945379080920646,0.002034856240843485
shine63.jpg,0.021177485750400068,0.06735209771333867,0.9035457717942339,0.007924644742027318
shine64.jpg,9.125875713883962e-05,0.03642216704045013,0.9617659912774048,0.0017205829250061928
shine65.jpg,1.2286320652042405e-06,0.02271225714389315,0.9310689175148075,0.046217596709234136
shine66.jpg,0.001042879141424816,0.022076122052116374,0.9762898628015239,0.000591136004934924
shine67.jpg,0.01665345109587871,0.01582025658694752,0.9626174982183939,0.00490879409877977
shine68.jpg,0.012986567839666282,0.0073274063716239025,0.978513764969966,0.0011722608187436953
shine69.jpg,0.0019158105881881785,0.0002116777420584547,0.9631179906570283,0.03475452101272503
shine7.jpg,0.004424859617366903,0.017571868457133356,0.9767245815629683,0.001278690362531489
shine70.jpg,3.215054716113101e-05,0.00128373793620306,0.9986673554283314,1.675608830438358e-05
shine71.jpg,0.0005056936978037618,0.003019701355862454,0.9956624569206909,0.0008121480256427953
shine72.jpg,0.005753259452653331,0.012087118648691575,0.9394179107803383,0.04274171111831674
shine73.jpg,0.037282625921098204,0.00021431400753490993,0.9616024201570881,0.000900639914278685
shine74.jpg,0.026145818013825543,0.0005922750519692612,0.9732283019410372,3.360499316790299e-05
shine75.jpg,1.943672447600909e-05,0.044955809657931924,0.9413652159637481,0.01365953765384401
shine76.jpg,8.850729969174036e-05,0.005444963682529629,0.9587086985407822,0.0357578304769963
shine77.jpg,0.0009246547656993233,0.015161384213157176,0.9772363026716965,0.006677658349447035
shine78.jpg,9.725070220579482e-05,0.00546107128703675,0.9290204886082273,0.06542118940253007
shine79.jpg,0.006154138075050175,1.594847208037348e-05,0.9854001199387911,0.008429793514078483
shine8.jpg,0.012731061062152256,0.00011833537410944545,0.970756350699866,0.01639425286387244
shine80.jpg,0.03140113873160803,0.021670313410240897,0.9398406490938545,0.007087898764296615
shine81.jpg,0.009227451009930554,0.013103194846015482,0.9761523119189075,0.001517042225146564
shine82.jpg,0.012035950118304337,0.021113861163221337,0.96678780573654,6.238298193436342e-05
shine83.jpg,0.01672478426657582,0.0010806924890294164,0.9709147402229353,0.011279783021459579
shine84.jpg,0.015441870484880472,0.02094485210479528,0.9458291143707385,0.017784163039585892
shine85.jpg,4.2949684488521003e-05,0.0008768774114097802,0.9926909513128702,0.006389221591231566
shine86.jpg,0.00010409896968993687,0.020103679742172857,0.9797348973488578,5.732393927944825e-05
shine87.jpg,0.016185290923523978,7.0088162635649e-05,0.9837144105864734,3.021032736707366e-05
shine88.jpg,0.0193583666952743,0.02244612159683852,0.9525841536568301,0.005611358051057085
shine89.jpg,3.5605858629129706e-05,1.3888017598354455e-05,0.9616948627553642,0.0382556433684083
shine9.jpg,4.0483423246927665e-08,4.830973751411918e-06,0.9999938421837734,1.2863590519760914e-06
shine90.jpg,0.0004975404699054704,0.010440708681298417,0.9609459503910485,0.02811580045774767
shine91.jpg,0.003915810856733919,0.006466898653760952,0.9581472887515833,0.031470001737921804
shine92.jpg,7.973739373302458e-06,0.0008024125700862516,0.9977790756352698,0.0014105380552707416
shine93.jpg,0.003590358249741577,8.961917179886164e-06,0.9949910904688655,0.0014095893642129848
shine94.jpg,0.00015825325646850568,0.001280493697913292,0.982382325770767,0.016178927274851297
shine95.jpg,0.04978539173617508,0.009155214477850813,0.9308388993595005,0.010220494426473535
shine96.jpg,0.006319308874777253,0.004174845594340016,0.9878152760266606,0.0016905695042221571
shine97.jpg,0.00011464677872532339,0.002176331306486912,0.9816489255922868,0.016060096322500928
shine98.jpg,4.846382032636269e-07,0.02862846882630254,0.9687305996471367,0.002640446888357486
shine99.jpg,0.0234258539968917,0.011184129471678792,0.9281695132712335,0.03722050326019592
sunrise1.jpg,9.32803769010356e-06,0.02741916730624798,0.009194331629885357,0.9633771730261766
sunrise10.jpg,0.012966964146872786,0.045508536082220885,0.05422448807797852,0.8873000116929278
sunrise100.jpg,0.01977985976819153,0.0007234447090555328,0.003191754461294356,0.9763049410614585
sunrise11.jpg,0.006881057002186364,0.0005189568729979249,0.019762308788096598,0.9728376773367191
sunrise12.jpg,4.028195275759105e-05,0.00018681675744620788,0.006557344438104116,0.9932155568516922
sunrise13.jpg,4.028195275759105e-05,0.00018681675744620788,0.006557344438104116,0.9932155568516922
sunrise14.jpg,0.0050536780368251955,0.0010591823314543226,0.011194926042649048,0.9826922135890714
sunrise15.jpg,0.06247363655843891,0.00030596139059253314,0.0013407950858033224,0.9358796069651651
sunrise16.jpg,5.898949166598621e-10,7.249629810255042e-06,1.8955853951055275e-09,0.9999927478847094
sunrise17.jpg,0.08671751240485191,3.931467423644501e-06,0.03322638590282382,0.8800521702249007
sunrise18.jpg,0.000877231277201122,6.200208503590979e-05,0.03662011327342428,0.9624406533643386
sunrise19.jpg,0.0043622896053663015,1.3518951351501562e-06,5.582633981292021e-05,0.9955805321596857
sunrise2.jpg,0.01491012211373324,0.0005550553862322458,0.014353471159015356,0.9701813513410192
sunrise20.jpg,0.010563524140699778,0.012715679984488963,0.0167130617754502,0.960007734099361
sunrise21.jpg,0.00236155840424336,0.011446789491093774,0.024775365058505444,0.9614162870461574
sunrise22.jpg,8.604922278000691e-05,0.0004935520834839314,0.002526756162515924,0.99689364253122
sunrise23.jpg,5.898949166598621e-10,7.249629810255042e-06,1.8955853951055275e-09,0.9999927478847094
sunrise24.jpg,0.0006798221039676719,0.014663340114616742,0.05714038081072449,0.9275164569706911
sunrise25.jpg,0.00014539446452400243,0.0003912876888178285,0.003017550284592096,0.9964457675620662
sunrise26.jpg,0.00021269825631693408,0.005835360415756449,0.033911720605373966,0.9600402207225527
sunrise27.jpg,0.00025855942185613445,4.577941279073874e-05,0.013190317449484705,0.9865053437158684
sunrise28.jpg,0.017998345685468407,2.5964581055504003e-06,0.003909992538202676,0.9780890653182235
sunrise29.jpg,1.212128593528657e-05,0.008278341304090359,0.01048526791259707,0.9812242694973773
sunrise3.jpg,0.02371575395743723,0.00036828337869152964,0.02004553071767074,0.9558704319462006
sunrise30.jpg,3.5467058332825235e-05,5.11538119158012e-05,0.060307428468140974,0.9396059506616103
sunrise31.jpg,0.022355369377464056,0.00013609507700269692,0.017937339049927666,0.9595711964956056
sunrise32.jpg,0.00020448580951709324,0.012552219925241024,0.04339363376213429,0.9438496605031076
sunrise33.jpg,0.0050536780368251955,0.0010591823314543226,0.011194926042649048,0.9826922135890714
sunrise34.jpg,0.01236322326174102,0.003270424032345949,0.013580242075776888,0.9707861106301362
sunrise35.jpg,0.06069032145695234,0.00017183390254987447,0.00012848582552052738,0.9390093588149772
sunrise36.jpg,0.03895748566846809,7.384105049651539e-06,0.0008416262681922138,0.9601935039582901
sunrise37.jpg,6.411960001704382e-07,2.111572868951462e-07,8.88557277165286e-06,0.9999902620739414
sunrise38.jpg,0.04474057907095313,0.002054356811346284,0.004212746971147604,0.948992317146553
sunrise39.jpg,0.010025472330738009,3.0004181602391893e-05,0.0006770822064226385,0.9892674412812369
sunrise4.jpg,0.0003863375151589787,0.00386689766600637,0.036285303199462965,0.9594614616193716
sunrise40.jpg,0.00016034547842286857,8.43200290843731e-05,0.05309645213340681,0.946658882359086
sunrise41.jpg,0.026153993967914298,0.00215441843144449,0.05759916449655576,0.9140924231040856
sunrise42.jpg,0.001737009505742694,6.621696364411174e-05,0.009929835894480855,0.9882669376361324
sunrise43.jpg,0.013470196902974999,4.432755312778374e-07,0.0006836934297423878,0.9858456663917514
sunrise44.jpg,0.0008062036536893891,0.019911729278816858,0.0008976353728538296,0.97838443169464
sunrise45.jpg,0.02254078351052318,1.1756747613531745e-07,0.0006709569565066712,0.9767881419654941
sunrise46.jpg,0.008723202386657724,0.003199694450500051,0.0033499022990543543,0.9847272008637877
sunrise47.jpg,0.018366419681781168,0.007762251810974997,0.03448204072060647,0.9393892877866373
sunrise48.jpg,0.017226452222227646,0.00363427615474386,0.027281639026432405,0.9518576325965961
sunrise49.jpg,0.017123127194361144,0.005499044598981648,0.03560778892542146,0.9417700392812358
sunrise5.jpg,0.008431072018354883,7.807223766888377e-05,0.001170635011959097,0.9903202207320172
sunrise50.jpg,0.01888201486952648,4.469224523062491e-06,0.01507422238194536,0.9660392935240051
sunrise51.jpg,0.024643874997505016,0.012814071563297119,0.02771452656501838,0.9348275268741796
sunrise52.jpg,0.016051239696956647,0.01106008537516915,0.005857041487236353,0.9670316334406377
sunrise53.jpg,0.00014034833940185137,7.888900084773204e-05,0.001558360624106593,0.9982224020356438
sunrise54.jpg,2.544175705332221e-07,0.08633322265630226,0.010320769652376674,0.9033457532737506
sunrise55.jpg,0.004193985871038175,1.0737466879545687e-05,0.03806537343801115,0.957729903224071
sunrise56.jpg,0.0003916246672757635,0.007041747526536662,0.002513163180885002,0.9900534646253026
sunrise57.jpg,0.0047076881071079525,0.0037319906323946325,0.0017989061293984775,0.9897614151310989
sunrise58.jpg,0.003074562238048079,3.722146417641871e-06,0.05005163246711408,0.9468700831484204
sunrise59.jpg,0.015772878525034766,0.026325720634386637,0.000621874305417502,0.957279526535161
sunrise6.jpg,0.020541227532920113,3.296729389792665e-05,0.00040011969429215946,0.9790256854788899
sunrise60.jpg,0.01066893109487916,7.976312872808818e-05,0.03953391790645294,0.9497173878699399
sunrise61.jpg,0.019474622683154436,0.0010531229577147715,0.0376838054968955,0.9417884488622352
sunrise62.jpg,0.00042923769980501543,2.823939723015848e-07,0.018637957757822378,0.9809325221484004
sunrise63.jpg,0.020619022036575316,0.0011710936113152543,0.01709881674939808,0.9611110676027114
sunrise64.jpg,0.003959844575405524,4.730476836572439e-07,0.00028210066106034565,0.9957575817158504
sunrise65.jpg,0.013853744753665092,0.004332527399192102,0.015470245635401744,0.966343482211741
sunrise66.jpg,0.01851599514230898,2.789012654653484e-05,3.9504658972147305e-06,0.9814521642652472
sunrise67.jpg,0.0009744258569827791,8.521884952501711e-05,0.0036246616556717013,0.9953156936378206
sunrise68.jpg,0.0012024451422031,1.7384751235477786e-07,0.00011119050870364282,0.9986861905015809
sunrise69.jpg,0.02492841681820758,5.7111249517495386e-05,0.0002571317188920034,0.9747573402133829
sunrise7.jpg,1.870484035998932e-05,0.021168150889284608,0.0017911635616626057,0.9770219807086927
sunrise70.jpg,3.2371806977531066e-06,0.030029028855181748,0.004901537895734273,0.9650661960683863
sunrise71.jpg,0.0005393370232121596,1.81366525869028e-05,0.018500062151043734,0.9809424641731571
sunrise72.jpg,6.970007299504695e-06,0.024423158213650226,0.00019196465067869908,0.9753779071283717
sunrise73.jpg,0.011062992655969963,1.362452589753181e-05,0.0054792426915591125,0.9834441401265733
sunrise74.jpg,5.437338972285281e-05,9.336993959764028e-06,0.0013016906474736121,0.9986345989688437
sunrise75.jpg,0.00503334474938229,1.9216251295497574e-06,0.00010163932854528689,0.9948630942969429
sunrise76.jpg,0.016464311569917397,0.001878256036451164,0.03330697067377207,0.9483504617198594
sunrise77.jpg,0.0016370472821099268,1.7630570684447424e-05,0.01462714872255698,0.9837181734246487
sunrise78.jpg,0.004234359781296107,0.006998264589567221,0.008512616498282664,0.980254759130854
sunrise79.jpg,0.03207552276790762,0.00025359312147911175,2.0665420672039134e-05,0.9676502186899413
sunrise8.jpg,0.02386762075208841,0.03078020443108774,0.014724797666244781,0.9306273771505791
sunrise80.jpg,0.009816956055405706,0.00037503306030373557,0.010737916842723575,0.9790700940415671
sunrise81.jpg,0.0024023425776603883,0.0002812912775963088,0.005442673869266154,0.9918736922754771
sunrise82.jpg,0.017421999429431286,8.538233623961536e-06,1.1187979688211423e-05,0.9825582743572566
sunrise83.jpg,0.003620496316907472,1.962040988659706e-08,0.00012045139514910066,0.9962590326675336
sunrise84.jpg,0.004328657309618101,0.0012204749115568422,0.021053981052095227,0.9733968867267299
sunrise85.jpg,0.012639790711287936,7.766620302581893e-06,0.06070923077667524,0.9266432118917344
sunrise86.jpg,0.001155924654670849,1.4331410508789634e-07,4.526162337722284e-08,0.9988438867696008
sunrise87.jpg,0.02874442501156243,0.015195618500747965,0.013503433890597888,0.9425565225970917
sunrise88.jpg,0.019147325385600843,2.938417404781823e-06,0.003900329681425002,0.9769494065155693
sunrise9.jpg,0.020392214644726903,2.2034526036710887e-05,0.00015003694096884544,0.9794357138882676
sunrise90.jpg,0.00016106796907695053,2.80689759453784e-07,7.513639963874126e-05,0.9997635149415249
sunrise91.jpg,0.000897214793305164,0.00786007669457934,0.002091253613658416,0.9891514548984571
sunrise92.jpg,0.04413423332092471,0.0054155080331768244,0.015871149745708468,0.9345791089001899
sunrise93.jpg,0.06350870570619518,0.001961732754440259,0.0003905153876399935,0.9341390461517246
sunrise94.jpg,0.008008289833243263,0.00018235038065077938,0.04427635137817069,0.9475330084079353
sunrise95.jpg,4.5464558151066094e-07,0.003079755416460459,0.06074718571187239,0.9361726042260856
sunrise96.jpg,0.0004073687531944308,4.331857386052864e-06,0.0009446437598901212,0.9986436556295294
sunrise97.jpg,0.045928400697062506,5.053576696376296e-05,0.001267747325176312,0.9527533162107974
sunrise98.jpg,0.0016370472821099268,1.7630570684447424e-05,0.01462714872255698,0.9837181734246487
sunrise99.jpg,0.0031267674717699785,9.263442254368804e-07,4.489251665658841e-05,0.9968274136673481
sunrise89.jpeg,0.0006959397966582441,0.01283759567637903,0.008969744632691042,0.9774967198942716
